¾Ç¸¹ ¦¨ÁZ
 1     72
 2     96
 3     92
 4     60
 5     90
 6     88
 7     73
 8     90
 9     63
10     64
11     75
12     92
13     86
14     90
15     94
16     65
17     90
18     77
19     72
20     60
21     80
22     77
23     81
24     78
25     89
26     62
27     95
28    100
29     69
30     76
31     84
32     68
33     79
34     72
35     85
36     95
37     82
38     99
39     78
40     87
41     84
42     63
43     60
44     97
45     66
46     64
47     69
48     93
49     84
50     91
